1697535917691 16219.661487010213 0
1697535917692 8759.030565321344 0
1697535917692 5338.409207375471 0
1697535917693 3756.0933828573607 0
1697535917693 2865.112663619941 0
1697535917693 2323.9290593181436 0
1697535917694 1996.3275174413423 0
1697535917694 1785.558452032824 0
1697535917695 1582.0557507698902 0
1697535917695 1470.4267682668965 0
1697535917696 1376.3042127680078 0
1697535917696 1302.8165598984099 0
1697535917696 1210.9706822427647 0
1697535917697 1169.7378728633196 0
1697535917697 1130.906181386499 0
1697535917698 1094.3147583466928 0
1697535917698 1053.4083178971287 0
1697535917699 1019.5503466355885 0
1697535917699 987.3244496415265 0
1697535917700 947.0308579373199 0
1697535917700 935.6727895527475 0
1697535917701 910.0254180170716 0
1697535917701 886.0107832786452 0
1697535917702 876.8879003585315 0
1697535917702 866.0250401963384 0
1697535917702 849.6475866229022 0
1697535917703 822.9425557897052 0
1697535917703 801.4150604487771 0
1697535917704 782.3159169980111 0
1697535917704 757.9553767817121 0
1697535917705 737.8690853648312 0
1697535917705 726.4049607944906 0
1697535917706 707.1849334546788 0
1697535917706 691.6290667067556 0
1697535917706 675.4350528849005 0
1697535917707 670.2000824609528 0
1697535917707 660.3765007040643 0
1697535917708 649.5076008123647 0
1697535917708 640.8757744901981 0
1697535917709 633.1318522800342 0
1697535917709 630.7424877987232 0
1697535917710 619.6025817507767 0
1697535917710 601.3661059080737 0
1697535917710 593.8120138120377 0
1697535917711 581.4977731646807 0
1697535917711 576.3538485550337 0
1697535917712 571.9984070056087 0
1697535917712 559.897802924147 0
1697535917713 548.5019224859898 0
1697535917713 535.92792474409 0
1697535917714 527.3413945416434 0
1697535917714 523.3941572884235 0
1697535917714 518.4859807063892 0
1697535917715 507.91600429148053 0
1697535917715 497.26350254449346 0
1697535917716 496.00431849810997 0
1697535917716 487.4249598370893 0
1697535917717 480.0080326372614 0
1697535917717 472.14556982397113 0
1697535917718 454.5647058227099 0
1697535917718 448.7591473483899 0
1697535917719 438.65971680960774 0
1697535917719 432.82545624241976 0
1697535917719 426.7880277607919 0
1697535917720 417.6985533604571 0
1697535917720 412.0779990837688 0
1697535917721 404.600722193226 0
1697535917721 397.0853870662047 0
1697535917722 388.7798697656189 0
1697535917722 387.888529976676 0
1697535917723 382.71962855329934 0
1697535917723 380.2952130121942 0
1697535917723 376.5359680707156 0
1697535917724 370.3881934370283 0
1697535917724 360.6281464014811 0
1697535917725 358.32232422048804 0
1697535917725 351.46131005536324 0
1697535917726 345.65870610623546 0
1697535917726 343.6486610906685 0
1697535917726 341.8140007101545 0
1697535917727 337.30406616402007 0
1697535917727 333.80148260674656 0
1697535917728 330.8584493220623 0
1697535917728 327.58689145026545 0
1697535917729 326.3807238309249 0
1697535917729 321.13377628664625 0
1697535917730 315.53084218211325 0
1697535917730 308.79459237647643 0
1697535917731 301.61833037593766 0
1697535917731 297.7558087887756 0
1697535917731 293.5472649789802 0
1697535917732 289.0154288601372 0
1697535917732 282.9142148294386 0
1697535917733 280.24476318030213 0
1697535917733 274.9641330696635 0
1697535917734 272.4351972045047 0
1697535917734 268.45719878087556 0
1697535917734 265.6897624007023 0
1697535917735 261.64442505906277 0
1697535917735 260.7275614272539 0
