1697444081229 23677.268179016086 0
1697444081230 17249.52411844405 0
1697444081230 13100.688179355435 0
1697444081231 10226.14882088439 0
1697444081231 8323.840419160455 0
1697444081232 7005.298092256193 0
1697444081232 5989.776725097863 0
1697444081233 5326.469380184983 0
1697444081233 4602.609909012984 0
1697444081234 4168.920997029487 0
1697444081235 3817.845880115397 0
1697444081236 3547.500915685661 0
1697444081237 3342.88130573011 0
1697444081237 3149.8725290414877 0
1697444081238 3007.548971552898 0
1697444081240 2882.099791364378 0
1697444081240 2758.6023613398634 0
1697444081241 2685.57767902561 0
1697444081242 2575.9890980869195 0
1697444081242 2478.0050620186835 0
1697444081242 2420.0489958190888 0
1697444081243 2376.8036368286203 0
1697444081243 2333.20617849482 0
1697444081244 2236.52705901984 0
1697444081244 2197.9628989645234 0
1697444081245 2159.541017301 0
1697444081245 2124.081903586145 0
1697444081246 2096.9402315315874 0
1697444081246 2075.553290594537 0
1697444081246 2031.422484658536 0
1697444081247 1998.9393078976032 0
1697444081247 1976.3537965586754 0
1697444081248 1943.3633270181228 0
1697444081248 1917.8499733808019 0
1697444081249 1896.669195358112 0
1697444081249 1881.3364404892682 0
1697444081250 1835.6839803203372 0
1697444081251 1814.1611159981576 0
1697444081251 1790.1118810878538 0
1697444081252 1781.3714774202847 0
1697444081252 1759.7283326808426 0
1697444081253 1742.6392743566753 0
1697444081253 1721.002232025675 0
1697444081254 1706.6681078180438 0
1697444081254 1690.0794414269362 0
1697444081255 1675.6841307252075 0
1697444081255 1645.547792557155 0
1697444081256 1638.0769311508486 0
1697444081257 1630.469675577568 0
1697444081258 1615.4057937926511 0
1697444081258 1605.2209550613698 0
1697444081259 1601.7662705658836 0
1697444081259 1592.2241744022417 0
1697444081260 1587.116425407432 0
1697444081260 1555.8902782254922 0
1697444081261 1544.303542378973 0
1697444081261 1536.1084705980236 0
1697444081262 1530.325823770668 0
1697444081262 1512.9488212667727 0
1697444081263 1507.032332902805 0
1697444081263 1502.4007728881033 0
1697444081264 1499.5256474203402 0
1697444081264 1489.7169475563599 0
1697444081264 1481.3582902792482 0
1697444081265 1463.9846215874788 0
1697444081266 1457.907147377804 0
1697444081267 1444.2333145581008 0
1697444081268 1415.4047361998705 0
1697444081269 1403.780363819529 0
1697444081270 1388.5267285828998 0
1697444081271 1379.0794060562241 0
1697444081272 1373.207841970505 0
1697444081274 1370.1877927755395 0
1697444081274 1368.2808217820138 0
1697444081275 1358.9538681082006 0
1697444081275 1345.1353077926346 0
1697444081276 1340.8712228541049 0
1697444081277 1336.8821940349296 0
1697444081277 1327.243380735666 0
1697444081277 1321.98683763995 0
1697444081278 1312.76458983368 0
1697444081278 1306.8642955847595 0
1697444081279 1291.47444322468 0
1697444081279 1288.0373884163812 0
1697444081280 1281.647608359271 0
1697444081280 1278.5896119212007 0
1697444081281 1271.7877343771959 0
1697444081282 1270.0827535625408 0
1697444081282 1265.7815923751625 0
1697444081283 1256.1644242974044 0
1697444081283 1243.0495531871202 0
1697444081284 1239.6185136537033 0
1697444081285 1227.769439562845 0
1697444081285 1225.1442831648085 0
1697444081285 1222.2497704203713 0
1697444081286 1215.8444024609348 0
1697444081286 1203.9217879494265 0
1697444081287 1196.268054569918 0
1697444081287 1189.6290318957517 0
1697444081290 1181.3757958795227 0
