1697528237716 19435.70941760383 0
1697528237716 12390.978122175862 0
1697528237717 8744.110204922707 0
1697528237718 6606.01027491206 0
1697528237719 5305.711136864733 0
1697528237719 4556.655767554278 0
1697528237720 3889.89522007819 0
1697528237720 3474.5803317374225 0
1697528237721 3111.7091244373983 0
1697528237721 2932.3895922942097 0
1697528237722 2798.2922499484216 0
1697528237723 2692.7104015387126 0
1697528237723 2587.8302284635183 0
1697528237724 2517.9336104359763 0
1697528237725 2321.757834139547 0
1697528237726 2267.244934754574 0
1697528237727 2216.4890201612857 0
1697528237728 2165.554540584422 0
1697528237728 2083.081987726441 0
1697528237729 2055.4116293096017 0
1697528237730 2019.0462994195598 0
1697528237731 1982.6802245128679 0
1697528237731 1945.871229634914 0
1697528237732 1893.1424039974781 0
1697528237732 1869.9492386613078 0
1697528237733 1844.101367960462 0
1697528237734 1762.9375570342415 0
1697528237734 1746.1533017283564 0
1697528237735 1717.4922897649833 0
1697528237736 1695.3829186440935 0
1697528237736 1630.8090698410685 0
1697528237737 1607.9236022825733 0
1697528237737 1601.978287503801 0
1697528237738 1594.5814612781153 0
1697528237738 1566.5740744195396 0
1697528237739 1546.791417388904 0
1697528237740 1540.0507746974129 0
1697528237741 1528.9577935968782 0
1697528237741 1498.9623733852204 0
1697528237742 1470.8159930729469 0
1697528237742 1450.2150992548527 0
1697528237743 1435.495636062866 0
1697528237744 1424.5620662373403 0
1697528237744 1404.8376902300995 0
1697528237745 1401.1177188407692 0
1697528237745 1387.080421080554 0
1697528237746 1370.7013278950487 0
1697528237747 1368.8463100064428 0
1697528237747 1354.574166994153 0
1697528237748 1341.8881473683418 0
1697528237748 1332.8362635869596 0
1697528237749 1322.2516758092484 0
1697528237749 1317.276058321275 0
1697528237750 1308.0413179985585 0
1697528237751 1304.1516629560997 0
1697528237751 1285.6714956409746 0
1697528237752 1270.8697871926206 0
1697528237752 1263.6061786458852 0
1697528237753 1251.2450931392825 0
1697528237753 1244.6496457499063 0
1697528237754 1239.6964567886614 0
1697528237756 1232.0997340368915 0
1697528237757 1226.429890585384 0
1697528237757 1215.467765127331 0
1697528237758 1204.1829912424373 0
1697528237759 1187.4731896941953 0
1697528237759 1182.4671476933615 0
1697528237760 1173.9400098617743 0
1697528237760 1168.4479259157395 0
1697528237761 1153.2112815292319 0
1697528237762 1145.4799969586638 0
1697528237763 1125.4088005168437 0
1697528237763 1115.834726684051 0
1697528237764 1111.7311894178542 0
1697528237764 1102.6192914687615 0
1697528237765 1100.0594525739914 0
1697528237765 1088.2398732133497 0
1697528237766 1084.579134280741 0
1697528237766 1078.515142518777 0
1697528237767 1076.0500198618702 0
1697528237769 1072.9304844298215 0
1697528237769 1060.1737237705465 0
1697528237770 1056.8020810224348 0
1697528237771 1052.943097229353 0
1697528237772 1051.4440706187938 0
1697528237772 1050.4216012206152 0
1697528237773 1042.1250999074919 0
1697528237774 1037.3835643860218 0
1697528237774 1030.235346685718 0
1697528237775 1022.5450867501842 0
1697528237776 1018.887088220668 0
1697528237777 1011.8753514087634 0
1697528237777 1005.5548397855584 0
1697528237778 1000.8381771300153 0
1697528237778 998.5399136672478 0
1697528237779 992.9190174379253 0
1697528237780 986.9558291588328 0
1697528237781 979.3741767714159 0
1697528237782 973.6248264742276 0
1697528237783 972.683162596394 0
