1697444256228 23484.596309067656 0
1697444256228 17211.768714373808 0
1697444256229 13024.489117632194 0
1697444256229 10260.664906963315 0
1697444256231 8389.609385046708 0
1697444256232 7106.912515001445 0
1697444256232 6061.164150015148 0
1697444256233 5319.38046574337 0
1697444256233 4703.803806652673 0
1697444256234 4316.817924260248 0
1697444256234 3994.81055252725 0
1697444256235 3715.9722583956163 0
1697444256235 3420.48765621501 0
1697444256236 3231.612958709868 0
1697444256236 3104.719098965937 0
1697444256237 2866.5168314854996 0
1697444256237 2772.0296427044436 0
1697444256237 2695.6287545881796 0
1697444256238 2607.821138614842 0
1697444256238 2529.284649821602 0
1697444256239 2425.8756901075335 0
1697444256239 2376.882909526484 0
1697444256240 2324.326489485758 0
1697444256240 2286.4459884194175 0
1697444256241 2244.3551737045386 0
1697444256241 2180.4523423691617 0
1697444256241 2151.5493631941085 0
1697444256242 2128.047624329851 0
1697444256242 2056.177450697956 0
1697444256243 2028.501418695419 0
1697444256243 1999.22598874019 0
1697444256244 1971.8535127497616 0
1697444256244 1948.3440734733488 0
1697444256244 1916.5702440903526 0
1697444256245 1885.1826498280852 0
1697444256245 1865.4745039146746 0
1697444256246 1859.7836549881104 0
1697444256247 1837.7285466019123 0
1697444256248 1802.9489137768546 0
1697444256248 1784.998281265781 0
1697444256249 1778.6843459246913 0
1697444256249 1755.5743092945754 0
1697444256250 1736.0534252558143 0
1697444256250 1715.1205394701485 0
1697444256251 1700.8052780302182 0
1697444256251 1682.4539749133392 0
1697444256252 1645.994427678644 0
1697444256252 1633.9673987034182 0
1697444256253 1617.0896428891895 0
1697444256253 1612.6996117206106 0
1697444256254 1592.6949727314757 0
1697444256254 1581.1387695386609 0
1697444256255 1567.2696823375616 0
1697444256255 1556.3850029392545 0
1697444256256 1542.9845789482822 0
1697444256256 1519.4493465856674 0
1697444256256 1515.8802885855075 0
1697444256257 1509.2153245175205 0
1697444256257 1506.9812226322035 0
1697444256258 1499.8012296029272 0
1697444256258 1489.2256126536452 0
1697444256259 1480.4730382148396 0
1697444256259 1479.4051473237428 0
1697444256259 1468.0231449482922 0
1697444256260 1446.9458984084904 0
1697444256260 1432.8381611113937 0
1697444256261 1413.5525519862103 0
1697444256261 1400.1460068329366 0
1697444256262 1399.1635613749554 0
1697444256262 1389.8826721073133 0
1697444256262 1371.6740298897944 0
1697444256263 1353.0915135218074 0
1697444256265 1342.5629246844649 0
1697444256266 1336.1726906972885 0
1697444256266 1332.350338578841 0
1697444256267 1320.7831369815117 0
1697444256267 1315.6756757221444 0
1697444256268 1311.7586775730103 0
1697444256268 1308.5154186165535 0
1697444256269 1304.9564501636632 0
1697444256269 1299.849371479523 0
1697444256270 1295.013442856373 0
1697444256270 1291.6243548481152 0
1697444256270 1286.5431619793935 0
1697444256271 1279.2860132969251 0
1697444256271 1276.3060132798755 0
1697444256272 1269.7084210663045 0
1697444256272 1266.4993232598838 0
1697444256273 1255.8653362471307 0
1697444256273 1246.610415285929 0
1697444256273 1241.752733227025 0
1697444256274 1239.7600833909337 0
1697444256274 1234.8193381102305 0
1697444256275 1225.483876468342 0
1697444256275 1221.7868265121954 0
1697444256276 1214.6565760027058 0
1697444256276 1207.1654304437448 0
1697444256276 1200.214417616009 0
1697444256277 1194.463471884085 0
1697444256277 1186.504951124186 0
