1697535680350 15104.16228539159 0
1697535680357 8133.946898666098 0
1697535680365 5203.879677868147 0
1697535680387 3895.2678233410866 0
1697535680397 3212.941361422011 0
1697535680420 2588.5361934707616 0
1697535680427 2274.925782768231 0
1697535680457 2109.2739980107176 0
1697535680471 1968.2800417043868 0
1697535680492 1841.747509869628 0
1697535680504 1772.812451398842 0
1697535680512 1660.4330096433562 0
1697535680523 1600.0851628759133 0
1697535680532 1557.1460283654296 0
1697535680537 1525.2994469425287 0
1697535680547 1468.1131647696743 0
1697535680565 1429.2971028883373 0
1697535680587 1358.7414810871085 0
1697535680604 1323.412923144538 0
1697535680621 1285.3907766048758 0
1697535680635 1269.8536511776956 0
1697535680658 1226.2261322222405 0
1697535680686 1208.4224589900032 0
1697535680705 1176.8354114394979 0
1697535680719 1165.2269255699355 0
1697535680749 1139.162934945875 0
1697535680782 1117.0406159946904 0
1697535680800 1103.1104401296095 0
1697535680826 1085.2656932554619 0
1697535680860 1079.9003532617435 0
1697535680898 1049.2788714446929 0
1697535680908 1026.3996331243957 0
1697535680917 1012.1129326847812 0
1697535680931 995.1015969885563 0
1697535680937 984.390031985825 0
1697535680943 972.8615371702467 0
1697535680968 971.549568787163 0
1697535680976 951.9669052773199 0
1697535680981 928.5689551864064 0
1697535680987 909.48253708891 0
1697535680997 896.5829437220033 0
1697535681004 882.6964475292151 0
1697535681034 864.2332535509904 0
1697535681042 862.4702238530547 0
1697535681050 857.053146657213 0
1697535681055 848.7428774946055 0
1697535681061 841.1344464307547 0
1697535681066 825.4731681555946 0
1697535681071 819.7334990857755 0
1697535681079 807.1452118451131 0
1697535681085 798.1416626839657 0
1697535681090 782.9098734384678 0
1697535681095 773.8613709930953 0
1697535681100 767.4686425015834 0
1697535681105 762.9524453671991 0
1697535681110 745.6902653222464 0
1697535681116 739.268561806172 0
1697535681121 734.8705054213739 0
1697535681127 729.4256926757009 0
1697535681132 723.9907514077499 0
1697535681138 721.8897092556842 0
1697535681145 711.4145120138377 0
1697535681152 711.159239093477 0
1697535681157 702.8115308174029 0
1697535681163 699.3541614827706 0
1697535681168 693.8474888823799 0
1697535681172 689.5070159767905 0
1697535681177 689.0914547508426 0
1697535681184 677.3121724593329 0
1697535681190 665.0420938592721 0
1697535681196 657.6613463586142 0
1697535681202 653.7296892092126 0
1697535681210 644.2291103630472 0
1697535681216 634.713254964501 0
1697535681223 628.5296250919954 0
1697535681229 623.2743319850456 0
1697535681237 621.1124830587703 0
1697535681247 616.3977702387887 0
1697535681279 609.0592738872514 0
1697535681285 601.7324524730352 0
1697535681296 596.5547401466202 0
1697535681301 588.8928379642139 0
1697535681308 582.1526001329953 0
1697535681315 573.5395341089583 0
1697535681321 570.423750274111 0
1697535681326 562.1168265128675 0
1697535681331 557.3942921085815 0
1697535681339 551.8530693018278 0
1697535681344 545.5340827746176 0
1697535681365 539.2193704606697 0
1697535681373 531.6680156434204 0
1697535681380 522.5819736849238 0
1697535681385 516.943510728186 0
1697535681391 511.9629805795743 0
1697535681398 509.2330017192653 0
1697535681406 507.82253470550756 0
1697535681412 506.60886576536797 0
1697535681418 501.9888848804564 0
1697535681425 498.1670060872006 0
1697535681431 493.1560691331219 0
