1697518969113 19435.70941760383 0
1697518969114 12390.978122175862 0
1697518969114 8744.110204922707 0
1697518969115 6606.01027491206 0
1697518969115 5305.711136864733 0
1697518969116 4556.655767554278 0
1697518969117 3889.89522007819 0
1697518969117 3474.5803317374225 0
1697518969118 3111.7091244373983 0
1697518969118 2932.3895922942097 0
1697518969119 2798.2922499484216 0
1697518969119 2692.7104015387126 0
1697518969120 2587.8302284635183 0
1697518969120 2517.9336104359763 0
1697518969121 2321.757834139547 0
1697518969122 2267.244934754574 0
1697518969122 2216.4890201612857 0
1697518969123 2165.554540584422 0
1697518969123 2083.081987726441 0
1697518969124 2055.4116293096017 0
1697518969125 2019.0462994195598 0
1697518969125 1982.6802245128679 0
1697518969126 1945.871229634914 0
1697518969126 1893.1424039974781 0
1697518969127 1869.9492386613078 0
1697518969127 1844.101367960462 0
1697518969128 1762.9375570342415 0
1697518969128 1746.1533017283564 0
1697518969140 1717.4922897649833 0
1697518969143 1695.3829186440935 0
1697518969143 1630.8090698410685 0
1697518969144 1607.9236022825733 0
1697518969145 1601.978287503801 0
1697518969145 1594.5814612781153 0
1697518969146 1566.5740744195396 0
1697518969147 1546.791417388904 0
1697518969147 1540.0507746974129 0
1697518969148 1528.9577935968782 0
1697518969148 1498.9623733852204 0
1697518969149 1470.8159930729469 0
1697518969149 1450.2150992548527 0
1697518969150 1435.495636062866 0
1697518969150 1424.5620662373403 0
1697518969151 1404.8376902300995 0
1697518969151 1401.1177188407692 0
1697518969152 1387.080421080554 0
1697518969154 1370.7013278950487 0
1697518969155 1368.8463100064428 0
1697518969155 1354.574166994153 0
1697518969156 1341.8881473683418 0
1697518969156 1332.8362635869596 0
1697518969158 1322.2516758092484 0
1697518969158 1317.276058321275 0
1697518969159 1308.0413179985585 0
1697518969159 1304.1516629560997 0
1697518969160 1285.6714956409746 0
1697518969160 1270.8697871926206 0
1697518969174 1263.6061786458852 0
1697518969175 1251.2450931392825 0
1697518969175 1244.6496457499063 0
1697518969176 1239.6964567886614 0
1697518969176 1232.0997340368915 0
1697518969177 1226.429890585384 0
1697518969177 1215.467765127331 0
1697518969178 1204.1829912424373 0
1697518969178 1187.4731896941953 0
1697518969179 1182.4671476933615 0
1697518969179 1173.9400098617743 0
1697518969180 1168.4479259157395 0
1697518969187 1153.2112815292319 0
1697518969188 1145.4799969586638 0
1697518969188 1125.4088005168437 0
1697518969189 1115.834726684051 0
1697518969189 1111.7311894178542 0
1697518969190 1102.6192914687615 0
1697518969190 1100.0594525739914 0
1697518969191 1088.2398732133497 0
1697518969191 1084.579134280741 0
1697518969191 1078.515142518777 0
1697518969192 1076.0500198618702 0
1697518969193 1072.9304844298215 0
1697518969203 1060.1737237705465 0
1697518969204 1056.8020810224348 0
1697518969204 1052.943097229353 0
1697518969205 1051.4440706187938 0
1697518969205 1050.4216012206152 0
1697518969206 1042.1250999074919 0
1697518969206 1037.3835643860218 0
1697518969207 1030.235346685718 0
1697518969207 1022.5450867501842 0
1697518969208 1018.887088220668 0
1697518969208 1011.8753514087634 0
1697518969209 1005.5548397855584 0
1697518969209 1000.8381771300153 0
1697518969210 998.5399136672478 0
1697518969225 992.9190174379253 0
1697518969226 986.9558291588328 0
1697518969226 979.3741767714159 0
1697518969227 973.6248264742276 0
1697518969227 972.683162596394 0
