1697444698142 19435.70941760383 0
1697444698143 12390.978122175862 0
1697444698143 8744.110204922707 0
1697444698144 6606.01027491206 0
1697444698144 5305.711136864733 0
1697444698145 4556.655767554278 0
1697444698145 3889.89522007819 0
1697444698145 3474.5803317374225 0
1697444698146 3111.7091244373983 0
1697444698146 2932.3895922942097 0
1697444698147 2798.2922499484216 0
1697444698147 2692.7104015387126 0
1697444698148 2587.8302284635183 0
1697444698148 2517.9336104359763 0
1697444698149 2321.757834139547 0
1697444698149 2267.244934754574 0
1697444698149 2216.4890201612857 0
1697444698150 2165.554540584422 0
1697444698150 2083.081987726441 0
1697444698151 2055.4116293096017 0
1697444698151 2019.0462994195598 0
1697444698152 1982.6802245128679 0
1697444698153 1945.871229634914 0
1697444698154 1893.1424039974781 0
1697444698154 1869.9492386613078 0
1697444698154 1844.101367960462 0
1697444698155 1762.9375570342415 0
1697444698155 1746.1533017283564 0
1697444698156 1717.4922897649833 0
1697444698156 1695.3829186440935 0
1697444698156 1630.8090698410685 0
1697444698157 1607.9236022825733 0
1697444698157 1601.978287503801 0
1697444698158 1594.5814612781153 0
1697444698158 1566.5740744195396 0
1697444698159 1546.791417388904 0
1697444698159 1540.0507746974129 0
1697444698160 1528.9577935968782 0
1697444698160 1498.9623733852204 0
1697444698161 1470.8159930729469 0
1697444698161 1450.2150992548527 0
1697444698161 1435.495636062866 0
1697444698162 1424.5620662373403 0
1697444698162 1404.8376902300995 0
1697444698163 1401.1177188407692 0
1697444698163 1387.080421080554 0
1697444698163 1370.7013278950487 0
1697444698164 1368.8463100064428 0
1697444698164 1354.574166994153 0
1697444698165 1341.8881473683418 0
1697444698165 1332.8362635869596 0
1697444698165 1322.2516758092484 0
1697444698166 1317.276058321275 0
1697444698166 1308.0413179985585 0
1697444698167 1304.1516629560997 0
1697444698167 1285.6714956409746 0
1697444698167 1270.8697871926206 0
1697444698168 1263.6061786458852 0
1697444698170 1251.2450931392825 0
1697444698171 1244.6496457499063 0
1697444698171 1239.6964567886614 0
1697444698172 1232.0997340368915 0
1697444698172 1226.429890585384 0
1697444698172 1215.467765127331 0
1697444698173 1204.1829912424373 0
1697444698173 1187.4731896941953 0
1697444698174 1182.4671476933615 0
1697444698174 1173.9400098617743 0
1697444698175 1168.4479259157395 0
1697444698175 1153.2112815292319 0
1697444698175 1145.4799969586638 0
1697444698176 1125.4088005168437 0
1697444698176 1115.834726684051 0
1697444698177 1111.7311894178542 0
1697444698177 1102.6192914687615 0
1697444698178 1100.0594525739914 0
1697444698178 1088.2398732133497 0
1697444698179 1084.579134280741 0
1697444698179 1078.515142518777 0
1697444698180 1076.0500198618702 0
1697444698180 1072.9304844298215 0
1697444698180 1060.1737237705465 0
1697444698181 1056.8020810224348 0
1697444698181 1052.943097229353 0
1697444698182 1051.4440706187938 0
1697444698182 1050.4216012206152 0
1697444698183 1042.1250999074919 0
1697444698183 1037.3835643860218 0
1697444698183 1030.235346685718 0
1697444698184 1022.5450867501842 0
1697444698184 1018.887088220668 0
1697444698185 1011.8753514087634 0
1697444698186 1005.5548397855584 0
1697444698187 1000.8381771300153 0
1697444698187 998.5399136672478 0
1697444698188 992.9190174379253 0
1697444698188 986.9558291588328 0
1697444698188 979.3741767714159 0
1697444698189 973.6248264742276 0
1697444698189 972.683162596394 0
