1697525893032 19435.70941760383 0
1697525893034 12390.978122175862 0
1697525893035 8744.110204922707 0
1697525893037 6606.01027491206 0
1697525893038 5305.711136864733 0
1697525893039 4556.655767554278 0
1697525893040 3889.89522007819 0
1697525893041 3474.5803317374225 0
1697525893042 3111.7091244373983 0
1697525893043 2932.3895922942097 0
1697525893045 2798.2922499484216 0
1697525893046 2692.7104015387126 0
1697525893047 2587.8302284635183 0
1697525893048 2517.9336104359763 0
1697525893049 2321.757834139547 0
1697525893050 2267.244934754574 0
1697525893052 2216.4890201612857 0
1697525893053 2165.554540584422 0
1697525893055 2083.081987726441 0
1697525893056 2055.4116293096017 0
1697525893057 2019.0462994195598 0
1697525893058 1982.6802245128679 0
1697525893059 1945.871229634914 0
1697525893060 1893.1424039974781 0
1697525893061 1869.9492386613078 0
1697525893062 1844.101367960462 0
1697525893063 1762.9375570342415 0
1697525893064 1746.1533017283564 0
1697525893065 1717.4922897649833 0
1697525893066 1695.3829186440935 0
1697525893067 1630.8090698410685 0
1697525893068 1607.9236022825733 0
1697525893069 1601.978287503801 0
1697525893070 1594.5814612781153 0
1697525893072 1566.5740744195396 0
1697525893073 1546.791417388904 0
1697525893074 1540.0507746974129 0
1697525893075 1528.9577935968782 0
1697525893077 1498.9623733852204 0
1697525893078 1470.8159930729469 0
1697525893079 1450.2150992548527 0
1697525893080 1435.495636062866 0
1697525893081 1424.5620662373403 0
1697525893082 1404.8376902300995 0
1697525893083 1401.1177188407692 0
1697525893084 1387.080421080554 0
1697525893086 1370.7013278950487 0
1697525893087 1368.8463100064428 0
1697525893088 1354.574166994153 0
1697525893089 1341.8881473683418 0
1697525893090 1332.8362635869596 0
1697525893091 1322.2516758092484 0
1697525893092 1317.276058321275 0
1697525893094 1308.0413179985585 0
1697525893095 1304.1516629560997 0
1697525893096 1285.6714956409746 0
1697525893097 1270.8697871926206 0
1697525893098 1263.6061786458852 0
1697525893099 1251.2450931392825 0
1697525893099 1244.6496457499063 0
1697525893101 1239.6964567886614 0
1697525893102 1232.0997340368915 0
1697525893103 1226.429890585384 0
1697525893104 1215.467765127331 0
1697525893105 1204.1829912424373 0
1697525893106 1187.4731896941953 0
1697525893107 1182.4671476933615 0
1697525893109 1173.9400098617743 0
1697525893111 1168.4479259157395 0
1697525893112 1153.2112815292319 0
1697525893113 1145.4799969586638 0
1697525893114 1125.4088005168437 0
1697525893115 1115.834726684051 0
1697525893116 1111.7311894178542 0
1697525893118 1102.6192914687615 0
1697525893119 1100.0594525739914 0
1697525893120 1088.2398732133497 0
1697525893121 1084.579134280741 0
1697525893123 1078.515142518777 0
1697525893125 1076.0500198618702 0
1697525893126 1072.9304844298215 0
1697525893128 1060.1737237705465 0
1697525893129 1056.8020810224348 0
1697525893131 1052.943097229353 0
1697525893132 1051.4440706187938 0
1697525893133 1050.4216012206152 0
1697525893136 1042.1250999074919 0
1697525893138 1037.3835643860218 0
1697525893139 1030.235346685718 0
1697525893140 1022.5450867501842 0
1697525893141 1018.887088220668 0
1697525893142 1011.8753514087634 0
1697525893143 1005.5548397855584 0
1697525893144 1000.8381771300153 0
1697525893145 998.5399136672478 0
1697525893146 992.9190174379253 0
1697525893147 986.9558291588328 0
1697525893148 979.3741767714159 0
1697525893149 973.6248264742276 0
1697525893150 972.683162596394 0
